((("indexCircle" .
   [0 0 0 0 0 0 0 1 0 0 0])
  ("vDemandCircle" .
   [0 0 0 0 0 0 0 0 0 0 1 0 0])
  ("vRepresentativePoint" .
   [0 0 0 1 0 0 0 0 0 0 0 0 0 0 0 0 0 0 0 0])
  ("zone3_b_3" .
   [1 0 0 0 0 0 0 0 0])
  ("cos_u_2" .
   [2 0 0 0 0 0 0])
  ("lenrth" .
   [1 0 0 0 0 0])
  ("zone3_b_1" .
   [1 0 0 0 0 0 1 0 0])
  ("zone3_b_2" .
   [3 0 0 0 0 0 0 0 0])
  ("B_0" .
   [1 0 0])
  ("M_PI_2" .
   [2 0 0 1 0 1])
  ("zone3_b" .
   [1 0 0 0 0 0 0])
  ("zone3_a" .
   [2 0 0 0 0 0 0])
  ("Sigma" .
   [1 0 0 0 0])
  ("f_1_plus_1" .
   [1 0 0 0 0 0 0 1 1 0])
  ("gamma_0" .
   [1 0 0 0 0 0 0])
  ("f_1" .
   [5 0 0])
  ("sin4_u_1" .
   [0 0 0 0 1 0 0 0])
  ("cos2_u_1" .
   [1 0 0 0 0 0 0 0])
  ("sin2_u_1" .
   [5 0 0 0 0 0 0 1])
  ("sin_u_1" .
   [6 0 0 0 0 1 0])
  ("d_2" .
   [4 0 0])
  ("d_1" .
   [6 0 1])
  ("xi" .
   [1 0])
  ("x" .
   [1])
  ("測地線長の計算" .
   [1 0 0 0 0 0 0])
  ("方位角の計算" .
   [1 0 0 0 0 0])
  ("length" .
   [1 0 0 0 1 0])
  ("n2_0" .
   [1 0 0 1])
  ("epsilon" .
   [3 0 0 0 0 0 0])
  ("n_0" .
   [4 0 0])
  ("azimuth" .
   [2 0 1 1 1 0 0])
  ("start" .
   [1 0 0 0 0])
  ("alpha_21" .
   [3 0 0 0 0 0 0 0])
  ("alpha_1" .
   [13 0 0 0 0 0 0])
  ("L_prime" .
   [0 0 1 1 0 1 1])
  ("alpha_21_prime" .
   [0 0 0 0 0 0 0 0 0 1 1 0 0 0])
  ("alpha_1_prime" .
   [0 0 0 0 0 0 0 0 0 1 0 1 0])
  ("alpha_prime" .
   [0 0 0 0 0 0 4 1 0 0 0])
  ("alpha_Delta_2" .
   [1 0 0 0 0 0 0 2 0 0 0 0 0])
  ("測地線長" .
   [1 0 0 1])
  ("theta" .
   [4 0 0 0 0])
  ("gamma2" .
   [4 0 0 0 0 0])
  ("xi_prime2" .
   [0 0 0 1 0 0 0 0 0])
  ("ita_prime2" .
   [0 0 0 0 1 0 0 0 0 0])
  ("xi2" .
   [1 0 0])
  ("ita2" .
   [1 0 0 0])
  ("sin_theta_n_2" .
   [0 0 0 0 0 0 2 0 0 0 0 0 0])
  ("sin2_theta_n_2" .
   [0 0 0 0 2 0 0 0 0 0 0 0 0 0])
  ("cos2_theta_n_2" .
   [0 0 0 0 2 0 0 0 0 0 0 0 0 0])
  ("cos_theta_n_2" .
   [2 0 0 0 0 0 2 0 0 0 0 0 0])
  ("theta_n_2" .
   [1 0 0 0 0 0 0 0 0])
  ("check" .
   [2 0 0 0 0])
  ("condition" .
   [5 0 0 0 0 0 0 0 0])
  ("fabs" .
   [2 0 0 0])
  ("pow" .
   [4 0 0])
  ("theta_n" .
   [5 0 0 0 0 0 1])
  ("theta_0" .
   [1 0 0 0 0 0 0])
  ("zeta_prime" .
   [0 0 0 0 0 2 2 0 0 0])
  ("zeta" .
   [13 0 0 0])
  ("Gamma" .
   [17 0 0 0 0])
  ("gamma" .
   [11 0 0 0 0])
  ("sigma" .
   [5 0 0 1 0])
  ("ゾーン2" .
   [1 0 0 0])
  ("zone2" .
   [2 0 0 0 0])
  ("zone3" .
   [1 0 0 0 0])
  ("cos_u_1" .
   [7 0 0 0 0 0 0])
  ("zone1" .
   [3 0 0 0 0])
  ("Delta" .
   [2 0 0 0 0])
  ("Sigma_prime" .
   [0 0 0 0 0 0 1 1 0 0 0])
  ("tan_phi_2" .
   [2 0 0 0 0 0 0 0 0])
  ("tan_phi_1" .
   [2 0 0 0 0 0 0 0 0])
  ("minus_f_plus_1" .
   [0 0 5 1 1 0 0 1 0 0 0 0 0 0])
  ("u_2" .
   [7 0 0])
  ("u_1" .
   [9 0 0])
  ("phi_2" .
   [1 0 0 0 0])
  ("phi_1" .
   [1 0 0 0 0])
  ("tan" .
   [2 0 0])
  ("paraHoge3" .
   [3 0 0 0 1 3 1 0 2])
  ("t_1_muinus_T_1" .
   [0 0 0 1 0 0 0 0 0 0 0 0 0 0])
  ("atan" .
   [5 0 0 0])
  ("y_2_minus_y_1" .
   [0 0 0 3 0 0 0 0 0 0 0 0 0])
  ("x_2_minus_x_1" .
   [0 0 0 3 1 0 0 0 0 0 0 0 0])
  ("y_1_times_y_2" .
   [0 0 0 1 0 0 0 0 0 0 0 0 0])
  ("y_1_plus_y_2" .
   [0 0 0 2 0 0 0 0 0 0 0 0])
  ("paraHoge2" .
   [9 0 0 0 2 2 0 0 0])
  ("R2_0" .
   [1 0 0 2])
  ("paraHoge1" .
   [8 0 0 0 3 2 1 0 0])
  ("S_over_s_inv" .
   [0 0 0 1 0 0 1 0 0 0 0 0])
  ("m2_0" .
   [2 0 0 0])
  ("x_1" .
   [1 0 0])
  ("x_2" .
   [1 0 0])
  ("y_2" .
   [5 0 0])
  ("y_1" .
   [6 0 0])
  ("S_over_s" .
   [1 0 0 0 0 0 1 0])
  ("R_0_ue" .
   [1 0 0 0 0 0])
  ("R_0" .
   [4 0 0])
  ("phi_0" .
   [1 0 0 0 0])
  ("radToDeg" .
   [1 0 0 1 4 3 2 1])
  ("kai" .
   [2 0 0])
  ("ita" .
   [13 0 0])
  ("A_bar_inv" .
   [0 0 0 0 1 0 0 0 0])
  ("delta_6" .
   [2 0 0 0 0 0 0])
  ("delta_5" .
   [2 0 0 0 0 0 0])
  ("delta_4" .
   [2 0 0 0 0 0 0])
  ("delta_3" .
   [2 0 0 0 0 0 0])
  ("delta_2" .
   [2 0 0 0 0 0 0])
  ("delta_1" .
   [2 0 0 0 0 0 0])
  ("degToRad" .
   [3 0 0 1 5 1 0 2])
  ("cos" .
   [19 0 0])
  ("alpha_5" .
   [1 0 0 0 0 0 0])
  ("alpha_4" .
   [1 0 0 0 0 0 0])
  ("alpha_3" .
   [1 0 0 0 0 0 0])
  ("alpha_2" .
   [13 0 0 0 0 0 0])
  ("ita_prime" .
   [1 0 0 0 0 3 0 3 0])
  ("cosh" .
   [1 0 0 0])
  ("xi_prime" .
   [3 0 0 1 2 0 5 0])
  ("alpha" .
   [5 0 0 1 0])
  ("t_bar" .
   [1 0 0 0 0])
  ("paraHoge" .
   [7 0 0 0 0 0 0 0])
  ("sin_phi" .
   [4 0 0 0 0 0 0])
  ("atanh" .
   [2 0 0 0 0])
  ("sinh" .
   [1 0 0 0])
  ("sqrt" .
   [7 0 0 0])
  ("hito" .
   [6 0 0 0])
  ("S_bar" .
   [1 0 1 0 1])
  ("A_5" .
   [1 0 0])
  ("A_4" .
   [1 0 0])
  ("A_3" .
   [1 0 0])
  ("A_2" .
   [1 0 0])
  ("phiCri" .
   [1 0 0 0 0 0])
  ("sin" .
   [23 0 0])
  ("A_1" .
   [1 0 0])
  ("A_0" .
   [7 0 0])
  ("A_bar" .
   [2 0 0 0 0])
  ("m_0" .
   [8 0 0])
  ("A_prime" .
   [2 0 0 0 0 0 0])
  ("n_plus_1" .
   [1 0 0 0 0 2 0 0])
  ("constexpr" .
   [0 0 0 0 0 0 43 3 2])
  ("resize" .
   [5 0 0 0 0 0])
  ("cell1" .
   [2 0 0 0 0])
  ("second" .
   [4 0 0 0 0 0])
  ("get_child" .
   [2 0 0 0 0 0 0 0 0])
  ("end" .
   [1 0 0])
  ("b" .
   [1])
  ("get" .
   [2 0 0])
  ("it_c" .
   [10 0 0 0])
  ("itr_last_c" .
   [5 0 0 0 0 0 0 0 0 1])
  ("itr_first_c" .
   [7 0 0 0 0 0 0 2 0 0 0])
  ("demand" .
   [3 0 0 0 0 0])
  ("reserve" .
   [3 0 0 0 0 0 0])
  ("vacantCircleRange" .
   [1 0 0 0 0 0 0 2 0 0 0 0 0 0 0 0 0])
  ("n" .
   [1])
  ("サークルが描画される位置情報" .
   [1 0 0 0 0 0 0 0 0 0 0 0 0 0])
  ("FromServer" .
   [1 0 0 0 0 0 0 0 0 0])
  ("dir" .
   [2 0 0])
  ("xml" .
   [2 0 0])
  ("Object" .
   [1 0 0 0 0 0])
  ("indexTaxi" .
   [2 0 0 0 0 0 0 0 0])
  ("emptyObject" .
   [0 0 0 0 0 1 0 0 0 0 0])
  ("checkGet" .
   [1 0 0 0 0 0 0 1])
  ("checkGet_2" .
   [3 0 0 0 0 0 0 0 0 0])
  ("checkGet_1" .
   [2 0 0 0 0 0 0 0 0 0])
  ("size" .
   [3 0 0 0])
  ("searchIndex" .
   [0 0 0 0 1 0 1 0 0 0 0])
  ("indexTarget" .
   [4 0 0 0 0 0 0 0 1 0 0])
  ("it" .
   [9 0])
  ("valueOfIndex" .
   [1 0 0 0 0 2 0 1 0 0 0 0])
  ("check_2" .
   [2 0 0 0 0 0 0])
  ("check_1" .
   [3 0 0 0 0 0 0])
  ("numCell" .
   [4 0 0 0 0 0 0])
  ("i" .
   [13])
  ("1_Cron" .
   [2 0 0 0 0 0])
  ("s" .
   [3])
  ("1_Cronの結果を取得" .
   [1 0 0 0 0 0 0 0 0 0 0 0])
  ("index" .
   [7 0 0 0 0])
  ("startDate" .
   [1 0 0 0 0 0 0 0 0])
  ("gCoorHoge" .
   [4 0 0 0 0 0 0 0 0])
  ("longitude" .
   [2 0 0 0 0 0 0 0 0])
  ("latitude" .
   [2 0 0 0 0 0 0 0])
  ("startPoint" .
   [2 0 0 0 0 0 0 0 0 0])
  ("f" .
   [2])
  ("gCoorAddAreaSE" .
   [2 0 0 0 0 0 0 0 0 0 0 0 0 0])
  ("cellSizePhi" .
   [1 0 0 0 0 0 0 0 0 0 0])
  ("gCoorSE" .
   [2 0 0 0 0 0 0])
  ("gCoorNW" .
   [2 0 0 0 0 0 0])
  ("gCoorAddAreaNW" .
   [1 0 0 0 0 0 0 0 0 0 0 0 0 0])
  ("vacantTaxiCircleSize_R" .
   [0 0 0 0 3 0 0 0 0 0 0 0 0 0 0 0 0 0 0 0 0 0])
  ("numOfSetOfCellAlongLat_R" .
   [0 0 0 2 1 0 0 0 0 0 0 0 0 0 0 0 0 0 0 0 0 0 0 0])
  ("demandCircleThreshould_R" .
   [0 0 0 0 0 1 1 0 1 0 0 0 0 0 0 0 0 0 0 0 0 0 0 0])
  ("demandCircleSize_R" .
   [0 0 0 0 2 0 0 0 1 0 0 0 0 0 0 0 0 0])
  ("demandCircleSize" .
   [0 0 0 0 1 0 0 0 0 0 0 0 0 0 0 0])
  ("maxDistance_R" .
   [3 0 0 0 0 0 0 0 0 0 0 0 0])
  ("baseLengthMax_R" .
   [3 0 0 0 0 0 0 0 0 0 0 0 0 0 0])
  ("baseLengthMin_R" .
   [3 0 0 0 0 0 0 0 0 0 0 0 0 0 0])
  ("searchDegree_R" .
   [1 0 0 0 0 0 0 0 2 0 0 0 0 0])
  ("searchRange_R" .
   [3 0 0 0 0 0 0 0 0 0 0 0 0])
  ("displayTimeTo_R" .
   [3 0 0 0 0 0 0 0 0 0 0 0 0 0 0])
  ("displayTimeFrom_R" .
   [3 0 0 0 0 0 0 0 0 0 0 0 0 0 0 0 0])
  ("displayDate_R" .
   [7 0 0 0 0 0 0 0 0 0 0 0 0])
  ("cellSizeMeter_R" .
   [3 0 0 0 0 0 0 0 0 0 0 0 0 0 0])
  ("removeArea_R" .
   [13 0 0 0 0 0 0 0 0 0 0 0])
  ("addArea_R" .
   [13 0 0 0 0 0 0 0 0])
  ("gCoorSE_R" .
   [4 0 0 0 0 0 0 0 0])
  ("gCoorNW_R" .
   [4 0 0 0 0 0 0 0 0])
  ("threshold_G" .
   [0 0 0 0 3 0 0 0 0 0 0])
  ("maxDistance_G" .
   [0 0 0 1 2 0 0 0 0 0 0 0 0])
  ("baseLengthMin_G" .
   [0 0 0 0 3 0 0 0 0 0 0 0 0 0 0])
  ("searchDegree_G" .
   [0 0 0 0 0 0 0 3 0 0 0 0 0 0])
  ("searchRange_G" .
   [0 0 0 2 0 0 0 0 1 0 0 0 0])
  ("displayTimeFrom_G" .
   [0 0 0 0 1 1 0 0 1 0 0 0 0 0 0 0 0])
  ("displayDate_G" .
   [0 0 0 4 3 0 0 0 1 0 0 0 0])
  ("cellSizeMeter_G" .
   [2 0 0 0 0 0 0 0 1 1 0 0 0 0 0])
  ("addArea_G" .
   [4 0 1 3 0 0 0 1 0])
  ("gCoorNW_G" .
   [4 0 0 0 0 4 2 0 0])
  ("Rational" .
   [3 0 0 0 0 0 0 0])
  ("Greedy" .
   [2 0 0 0 0 1])
  ("・需要が集中していると判別するためのしきい値" .
   [0 0 0 0 0 0 1 0 0 0 0 0 0 0 0 0 0 0 0 0 0 0])
  ("45度から180度まで" .
   [0 0 0 1 0 0 0 0 0 0 0])
  ("・表示ピンの抽出条件の設定" .
   [0 0 0 0 0 0 0 0 1 0 0 0 0])
  ("removeArea" .
   [0 0 0 0 2 0 0 0 0 0])
  ("gCoorRemove" .
   [0 0 0 0 0 0 0 1 0 0 0])
  ("vector" .
   [0 0 0 3 0 0])
  ("GeographicCoordinate" .
   [0 0 0 3 0 0 0 0 0 0 0 0 0 0 0 0 0 0 0 0])
  ("vec" .
   [1 1 1])
  ("set" .
   [1 0 0])
  ("の定義" .
   [2 0 0])
  ("の時の底辺の長さをl_a" .
   [1 0 0 1 0 0 0 0 0 0 0 1])
  ("経度を対応する列に変換する。ただし、営業領域外だと0を返す" .
   [1 0 0 0 0 0 0 0 0 0 0 0 0 0 0 0 0 0 0 0 0 0 0 0 0 0 0 0 0])
  ("ceil" .
   [1 0 0 0])
  ("phi" .
   [6 0 0])
  ("getPhi" .
   [6 0 0 0 0 0])
  ("getLambda" .
   [2 0 0 0 0 2 3 0 0])
  ("degLon" .
   [2 0 0 0 1 1])
  ("degLat" .
   [2 0 0 0 0 0])
  ("deg10" .
   [2 0 0 0 0])
  ("getY" .
   [2 0 0 0])
  ("getX" .
   [1 0 0 0])
  ("gCoor" .
   [5 0 0 0 0])
  ("CartesianCoordinate" .
   [0 0 3 0 0 0 0 0 0 0 0 0 0 0 0 0 0 0 0])
  ("G" .
   [2])
  ("convertDoubleIntoDegree" .
   [0 0 0 0 0 0 1 0 0 1 0 0 0 0 0 0 0 0 0 0 0 0 0])
  ("coordinate.hpp" .
   [1 0 0 0 0 0 0 0 0 0 0 0 1 0])
  ("coordinate" .
   [0 0 0 0 1 0 0 0 0 0])
  ("inc" .
   [1 0 0])
  ("main" .
   [2 0 0 0])
  ("hiro" .
   [1 0 0 0])
  ("a" .
   [1])
  ("hoge" .
   [5 0 0 0])
  ("c" .
   [22])
  ("deg" .
   [12 0 0])
  ("print" .
   [3 0 0 3 1])
  ("test_1" .
   [2 0 0 0 0 0])
  ("getDegrees" .
   [0 0 0 0 1 0 0 0 0 0])
  ("in" .
   [10 0])
  ("std" .
   [2 0 0])
  ("cout" .
   [43 0 0 1])
  ("degHoge" .
   [1 0 0 0 0 0 0])
  ("test_1_Degree" .
   [0 0 0 0 0 0 0 0 0 2 0 0 0])
  ("setDegrees" .
   [0 0 0 0 1 0 0 0 0 0])
  ("hpp" .
   [5 0 0])
  ("Degree" .
   [1 0 0 2 0 0])
  ("gCoorSE_G" .
   [2 0 0 0 0 0 0 0 0])
  ("t" .
   [8])
  ("tree" .
   [1 0 0 0])
  ("table" .
   [2 0 0 0 0])
  ("child" .
   [2 0 0 0 0])
  ("put" .
   [2 0 0])
  ("cchild" .
   [1 0 0 0 0 0])
  ("lambda" .
   [4 0 0 0 0 0])
  ("phiSE" .
   [1 0 0 0 0])
  ("value" .
   [9 0 0 0 0])
  ("myFunc" .
   [1 0 0 0 0 0])
  ("pt" .
   [4 0])
  ("the" .
   [2 0 0])
  ("removeArea_G" .
   [0 0 0 0 1 0 1 0 0 0 0 0])
  ("itr_first" .
   [2 0 0 0 1 0 0 0 0])
  ("itr_last" .
   [4 0 0 0 0 0 0 0])
  ("phiNW" .
   [1 0 0 0 0])
  ("0_1_Preset" .
   [0 0 0 0 2 0 0 0 0 0])
  ("create" .
   [1 0 0 0 0 0])
  ("Other" .
   [20 0 0 0 0])
  ("thresholdKari" .
   [4 0 0 0 0 0 0 0 0 1 2 0 0])
  ("demandCountCircleRadius" .
   [0 0 0 0 0 0 0 0 0 0 0 0 0 0 1 0 0 0 0 0 0 0 0])
  ("demandCircleRadius" .
   [0 0 0 0 0 0 0 0 0 0 0 1 0 0 0 0 0 0])
  ("demandCircleRange" .
   [3 0 0 0 0 0 2 5 0 0 0 0 2 0 0 0 0])
  ("cell" .
   [10 0 0 0])
  ("M_PI" .
   [22 0 0 0])
  ("cCoor" .
   [2 0 0 0 0])
  ("gCoorCri" .
   [1 0 0 0 0 0 0 0])
  ("calculateTStationFromGCoor_" .
   [2 0 0 0 0 0 0 0 0 0 0 0 0 0 0 0 0 0 0 0 0 0 0 0 0 0 0])
  ("M_PI_times" .
   [1 0 0 0 0 0 0 0 0 0])
  ("sin_u_2" .
   [2 0 0 0 0 0 0])
  ("M_PI_times_2" .
   [2 0 0 0 0 0 0 0 0 0 0 0])
  ("indexUnderThresholdKari" .
   [1 0 0 0 0 0 0 0 0 0 0 0 0 0 0 0 0 0 0 0 0 0 0])
  ("circleFlag1" .
   [0 0 0 0 0 0 1 1 0 0 0])
  ("vValid" .
   [1 0 0 0 0 0])
  ("追加する営業領域の最北西" .
   [0 0 0 0 1 0 0 0 0 0 0 0])
  ("IsOnCircle" .
   [1 0 0 0 0 0 0 0 0 0])
  ("ディレクトリの作成" .
   [1 0 0 0 0 0 0 0 0])
  ("ディレクトリの削除" .
   [1 0 0 0 0 0 0 0 0])
  ("demandKariCircle" .
   [0 0 0 0 0 0 0 1 0 0 0 0 0 0 0 0])))
